4 28 0.89
1 26 0.62
1 4 0.99
1 5 0.55
1 6 0.49
1 9 0.02
1 10 0.15
1 12 0.75
26 20 0.08
26 22 0.86
26 27 0.41
26 30 0.55
26 31 0.71
26 33 0.47
26 34 0.64
0 3 0.88
0 5 0.81
0 7 0.9
0 9 0.56
0 12 0.68
0 15 0.79
0 17 0.95
0 19 0.51
3 2 0.6
3 6 0.3
3 7 0.34
3 10 0.24
3 11 0.16
3 13 0.96
3 15 0.86
3 16 0.21
3 17 0.63
5 2 0.58
5 6 0.2
5 7 0.48
5 8 0.23
5 12 0.29
5 13 0.84
5 15 0.47
5 19 0.91
7 2 0.05
7 9 0.4
7 14 0.9
7 16 0.29
7 17 0.08
7 18 0.67
9 10 0.77
9 12 0.7
9 19 0.1
12 14 0.25
12 18 0.72
15 4 0.73
15 16 0.54
15 17 0.79
15 18 0.86
17 6 0.45
17 8 0.25
17 16 0.72
17 19 0.58
19 14 0.8
19 18 0.95
4 8 0.43
4 11 0.3
4 16 0.13
4 28 -1
6 10 0.79
6 14 0.31
10 2 0.06
10 8 0.25
10 13 0.91
10 18 0.4
11 8 0.72
11 13 0.67
11 18 0.21
13 8 0.14
16 8 0.64
16 14 0.35
16 18 0.67
8 18 0.69
20 25 0.65
20 29 0.8
20 32 0.59
20 33 0.26
25 21 0.55
25 29 0.73
25 32 0.86
29 31 0.97
32 21 0.37
32 30 0.44
32 33 0.12
32 34 0.13
33 21 0.72
33 34 0.09
21 24 0.5
21 27 0.57
24 27 0.01
27 22 0.17
27 28 0.19
27 31 0.57
22 28 0.62
22 34 0.79
28 23 0.02
28 30 0.91
28 31 0.62
23 31 0.37