197 198 0.38
0 1 0.92
0 48 0.05
0 130 0.68
1 85 0.34
1 155 0.7
2 3 0.64
2 83 0.52
2 139 0.44
3 135 0.44
3 67 0.99
4 5 0.54
4 151 0.35
4 196 0.85
5 106 0.35
5 76 0.73
6 7 0.3
6 117 0.24
6 133 0.4
7 118 0.19
7 131 0.58
8 9 0.19
8 43 0.91
8 71 0.25
9 173 0.36
9 181 0.97
10 11 0.46
10 159 0.83
10 176 0.34
11 120 0.47
11 164 0.12
12 13 0.35
12 159 0.25
12 88 0.72
13 42 0.4
13 41 0.43
14 15 0.26
14 19 0.73
14 125 0.62
15 131 0.99
15 17 0.79
16 17 0.72
16 69 0.23
16 127 0.12
17 121 0.83
18 19 0.13
18 197 0.37
18 37 0.1
19 178 0.3
20 21 0.77
20 132 0.21
20 23 0.56
21 76 0.77
21 199 0.81
22 23 0.89
22 77 0.87
22 32 0.05
23 41 0.8
24 25 0.87
24 156 0.12
24 109 0.33
25 179 0.16
25 61 0.66
26 27 0.67
26 55 0.07
26 88 0.5
27 66 0.04
27 97 0.44
28 29 0.56
28 191 0.78
28 68 0.18
29 78 0.95
29 188 0.66
30 31 0.42
30 62 0.67
30 181 0.84
31 64 0.37
31 57 0.68
32 33 0.45
32 126 0.57
33 84 0.33
33 107 0.5
34 35 0.82
34 136 0.25
34 104 0.58
35 36 0.89
35 56 0.91
36 165 0.93
36 122 0.32
37 38 0.26
37 179 0.23
38 144 0.6
38 138 0.92
39 40 0.67
39 75 0.4
39 51 0.64
40 51 0.83
40 61 0.26
41 95 0.4
42 190 0.51
42 193 0.81
43 166 0.54
43 190 0.09
44 45 0.96
44 104 0.14
44 98 0.27
45 138 0.08
45 161 0.11
46 47 0.94
46 186 0.59
46 196 0.52
47 191 0.79
47 59 0.93
48 135 0.36
48 165 0.1
49 50 0.43
49 53 0.45
49 130 0.44
50 59 0.63
50 133 0.28
51 52 0.11
52 134 0.97
52 85 0.91
53 54 0.64
53 62 0.09
54 70 0.45
54 168 0.79
55 155 0.94
55 124 0.73
56 114 0.38
56 147 0.29
57 58 0.94
57 155 0.21
58 100 0.79
58 171 0.01
59 74 0.15
60 61 0.44
60 135 0.24
60 196 0.64
62 63 0.48
63 193 0.25
63 123 0.45
64 65 0.24
64 150 0.89
65 113 0.51
65 90 0.4
66 172 0.62
66 184 0.1
67 68 0.98
67 80 0.42
68 187 0.05
69 70 0.86
69 175 0.78
70 71 0.43
71 128 0.73
72 73 0.94
72 121 0.09
72 172 0.21
73 139 0.01
73 161 0.28
74 75 0.62
74 178 0.22
75 108 0.61
76 77 1.0
77 198 0.45
78 144 0.65
78 136 0.6
79 80 0.63
79 139 0.09
79 146 0.56
80 90 0.9
81 82 0.39
81 186 0.07
81 87 0.92
82 151 0.38
82 185 0.75
83 147 0.51
83 119 0.97
84 112 0.82
84 195 0.29
85 142 0.67
86 87 0.06
86 91 0.15
86 197 0.59
87 116 0.87
88 95 0.44
89 90 0.56
89 111 0.64
89 157 0.58
91 92 0.76
91 99 0.05
92 160 0.7
92 145 0.53
93 94 0.73
93 113 0.18
93 194 0.65
94 169 0.49
94 199 0.25
95 96 0.03
96 122 0.4
96 154 0.93
97 184 0.88
97 154 0.08
98 99 0.8
98 187 0.84
99 158 0.29
100 140 0.53
100 198 0.77
101 102 0.77
101 148 0.29
101 193 0.39
102 110 0.85
102 112 0.18
103 104 0.81
103 178 0.24
103 189 0.89
105 106 0.31
105 168 0.74
105 156 0.12
106 108 0.85
107 143 0.43
107 173 0.74
108 147 0.18
109 110 0.12
109 125 0.6
110 142 0.7
111 132 0.38
111 167 0.6
112 183 0.73
113 137 0.79
114 183 0.36
114 197 0.02
115 116 0.97
115 162 0.97
115 188 0.21
116 152 0.22
117 141 0.41
117 120 0.3
118 173 0.63
118 153 0.46
119 120 0.62
119 159 0.96
121 133 0.05
122 166 0.82
123 124 0.07
123 134 0.12
124 129 0.62
125 194 0.13
126 127 0.22
126 145 0.95
127 140 0.38
128 129 0.98
128 188 0.83
129 158 0.38
130 165 0.62
131 132 0.36
134 186 0.82
136 153 0.5
137 150 0.52
137 170 0.9
138 179 0.51
140 169 0.58
141 162 0.39
141 143 0.17
142 198 0.18
143 175 0.49
144 185 0.66
145 148 0.32
146 170 0.12
146 192 0.18
148 149 0.55
149 152 0.92
149 171 0.43
150 177 0.01
151 174 0.99
152 160 0.89
153 191 0.36
154 174 0.13
156 182 0.74
157 158 0.6
157 163 0.43
160 175 0.93
161 189 0.12
162 163 0.68
163 164 0.72
164 182 0.44
166 167 0.77
167 195 0.85
168 192 0.85
169 187 0.11
170 171 0.24
172 182 0.15
174 192 0.39
176 177 0.6
176 195 0.29
177 199 0.55
180 181 0.01
180 185 0.04
180 183 0.44
184 189 0.58
190 194 0.48
197 198 -1