103 156 0.14
0 132 0.42
0 142 0.09
0 170 0.72
0 195 0.08
1 59 0.36
1 85 0.94
1 115 0.48
1 141 0.37
1 154 0.58
1 182 0.66
2 12 0.82
2 102 0.1
2 103 0.01
2 192 0.18
3 106 0.78
4 28 0.53
4 133 0.94
4 188 0.81
5 61 0.33
5 70 0.36
5 91 0.12
5 92 0.37
5 117 0.36
5 179 0.01
5 186 0.09
6 27 0.65
7 12 0.21
7 84 0.09
7 149 0.09
7 164 0.84
7 168 0.31
7 174 0.74
7 193 0.54
8 18 0.81
8 29 0.38
8 33 0.66
8 90 0.65
8 131 0.87
8 192 0.75
9 19 0.4
9 115 0.34
10 156 0.88
10 199 0.86
11 25 0.29
11 56 0.43
11 75 0.99
11 92 0.91
11 99 0.91
11 137 0.51
11 170 0.15
11 189 0.33
11 193 0.45
12 28 0.66
12 52 0.92
13 55 0.07
13 99 0.94
13 100 0.84
13 128 0.59
13 189 0.13
14 24 0.98
15 34 0.06
15 50 0.71
15 70 0.06
15 101 0.48
16 61 0.05
16 67 0.3
16 139 0.8
16 147 0.03
16 168 0.9
16 185 0.49
17 24 0.62
17 61 0.72
17 79 0.05
17 189 0.12
18 31 0.91
18 86 0.28
18 141 0.42
18 159 0.45
19 39 0.6
19 180 0.34
20 49 0.2
20 156 0.43
20 197 0.51
21 45 0.63
21 121 0.9
21 145 0.18
21 181 0.77
22 46 0.64
23 107 0.74
23 186 0.82
23 199 0.11
24 50 0.89
25 28 0.58
25 56 0.47
25 67 0.28
25 69 0.49
25 141 0.03
25 164 0.57
25 192 0.21
26 30 0.47
26 139 0.4
27 65 0.93
27 93 0.03
27 137 0.55
28 70 0.83
28 186 0.08
29 55 0.85
29 69 0.62
29 118 0.87
30 116 0.85
30 138 0.88
30 142 0.76
30 153 0.72
30 193 0.73
30 195 0.13
31 60 0.07
31 96 0.27
31 111 0.83
31 197 0.55
32 47 0.04
32 94 0.58
32 152 0.52
32 170 0.46
33 139 0.43
33 145 0.09
34 48 0.1
34 85 0.75
34 114 0.54
34 133 0.04
34 146 0.72
34 164 0.91
34 177 0.17
34 179 0.56
35 56 0.03
35 99 0.06
35 106 0.79
35 127 0.12
35 139 0.09
36 160 0.66
37 160 0.19
37 192 0.07
38 58 0.98
38 85 0.12
38 100 0.83
38 134 0.74
38 165 0.16
38 166 0.13
39 63 0.12
40 78 0.14
40 132 0.53
40 163 0.67
41 73 0.06
41 147 0.52
42 163 0.39
43 48 0.86
43 66 0.69
43 140 0.81
43 154 0.62
43 176 0.95
44 68 0.82
44 112 0.17
44 161 0.49
45 193 0.1
45 194 0.62
46 104 0.12
46 146 0.8
47 61 0.94
47 128 0.26
47 129 0.51
47 152 0.79
47 183 0.62
48 57 0.01
48 91 0.23
48 96 0.36
48 128 0.24
49 61 0.43
49 88 0.45
49 103 0.69
50 117 0.77
50 150 0.94
51 63 0.69
51 95 0.9
51 103 0.37
51 118 0.57
51 160 0.07
52 171 0.39
53 103 0.86
54 136 0.29
54 160 0.6
54 163 0.15
55 62 0.66
55 81 0.1
56 64 0.18
56 92 0.18
56 142 0.14
56 146 0.26
57 104 0.53
57 149 0.21
57 153 0.79
57 188 0.89
57 192 0.32
58 97 0.13
58 108 0.25
58 144 0.76
58 164 0.2
59 74 0.32
59 130 0.42
60 196 0.73
61 97 0.75
61 125 0.06
61 160 0.82
61 178 0.61
61 179 0.29
62 183 0.89
63 164 0.07
64 108 0.71
64 128 0.13
65 126 0.6
65 138 0.34
65 141 0.06
66 106 0.28
66 138 0.82
66 144 0.8
67 160 0.24
67 179 0.88
68 115 0.93
68 122 0.92
68 140 0.28
68 171 0.79
69 97 0.99
69 115 0.67
69 145 0.46
70 173 0.4
71 189 0.44
71 190 0.53
72 87 0.77
72 126 0.92
72 138 0.27
72 196 0.03
73 110 0.22
74 107 0.88
76 119 0.75
76 179 0.52
76 187 0.43
77 95 0.94
77 103 0.77
77 128 0.98
77 178 0.15
77 188 0.47
78 168 0.62
79 105 0.87
80 96 0.34
80 107 0.22
80 196 0.26
81 95 0.58
81 135 0.31
82 172 0.46
83 178 0.92
83 188 0.51
84 116 0.44
84 170 0.5
84 179 0.53
84 193 0.7
85 103 0.31
85 131 0.39
85 155 0.02
85 165 0.26
85 171 0.11
86 123 0.57
87 129 0.2
88 183 0.59
89 124 0.12
89 130 0.74
89 176 0.75
90 157 0.59
90 165 0.11
90 180 0.26
91 115 0.18
91 176 0.89
91 182 0.88
92 127 0.07
92 163 0.76
93 102 0.94
94 126 0.55
94 184 0.17
95 185 0.41
96 101 0.15
96 164 0.27
97 184 0.73
97 189 0.71
98 169 0.5
98 194 0.07
100 101 0.23
100 159 0.69
100 185 0.21
100 189 0.54
101 134 0.28
101 150 0.55
102 133 0.47
102 165 0.75
102 176 0.99
103 123 0.23
103 156 -1
105 154 0.09
106 118 0.63
106 141 0.9
106 168 0.38
107 195 0.47
108 123 0.97
108 127 0.79
108 139 0.94
108 167 0.41
108 194 0.88
109 162 0.32
110 126 0.02
110 187 0.17
111 139 0.87
111 194 0.15
112 135 0.72
113 126 0.66
114 138 0.34
114 172 0.57
115 168 0.5
116 136 0.08
116 150 0.39
117 137 0.01
117 140 0.68
117 157 0.86
117 177 0.55
118 151 0.35
118 189 0.83
120 141 0.68
120 142 0.84
121 124 0.28
121 169 0.42
122 133 0.01
122 167 0.66
122 173 0.47
124 171 0.53
124 196 0.69
125 136 0.23
125 194 0.38
126 137 0.07
129 130 0.21
129 165 0.23
129 166 0.16
129 199 0.11
131 158 0.2
131 176 0.12
132 193 0.01
133 143 0.13
133 194 0.74
134 138 0.54
134 142 0.05
135 183 0.66
135 199 0.58
136 142 0.78
137 141 0.22
139 168 0.67
139 196 0.41
140 149 0.59
140 161 0.72
141 151 0.53
142 150 0.38
145 159 0.83
145 164 0.66
146 176 0.58
148 172 0.05
148 178 0.5
149 185 0.77
150 191 0.75
151 185 0.01
151 199 0.37
152 153 0.37
153 161 0.11
154 156 0.49
155 199 0.24
156 165 0.18
157 175 0.33
157 191 0.25
158 186 0.58
160 179 0.31
161 188 0.54
162 170 0.4
165 169 0.6
166 167 0.86
167 198 0.49
167 199 0.48
168 181 0.47
174 188 0.32
176 178 0.6
180 186 0.89
180 188 0.68
186 187 0.59
194 198 0.72