418 641 0.77
0 1 0.51
0 25 0.32
1 25 0.5
1 2 0.73
1 27 0.49
1 26 0.98
25 26 0.3
25 50 0.28
2 3 0.72
2 27 0.19
27 3 0.06
27 26 0.96
27 28 0.64
27 53 0.54
27 52 0.03
3 4 0.34
3 29 0.2
3 28 0.02
4 5 0.94
4 30 0.31
4 29 0.46
29 28 0.33
29 30 0.6
29 55 0.98
29 54 0.73
5 6 0.08
5 30 0.87
30 6 0.26
30 31 0.22
30 55 0.67
6 7 0.62
6 32 0.52
6 31 0.42
7 8 0.61
7 32 0.99
32 8 0.14
32 31 1.0
32 56 0.06
32 33 0.36
32 58 0.57
32 57 0.65
8 9 0.1
8 34 0.16
8 33 0.37
9 10 0.56
9 35 0.22
9 34 0.89
34 33 0.68
34 35 0.86
34 59 0.14
10 11 0.52
10 36 0.98
10 35 0.62
35 59 0.84
35 36 0.2
35 60 0.3
11 12 0.89
11 37 0.56
11 36 0.9
36 60 0.88
36 37 0.5
36 61 0.24
12 13 0.6
12 38 0.96
12 37 0.13
37 61 0.62
37 38 0.81
37 63 0.81
37 62 0.66
13 14 0.31
13 38 0.39
38 14 0.52
38 39 0.87
38 63 0.84
14 15 0.05
14 40 0.59
14 39 0.39
15 16 0.78
15 41 0.78
15 40 0.51
40 39 0.88
40 41 0.69
40 65 0.69
16 17 0.93
16 41 0.53
41 17 0.27
41 65 0.86
41 42 0.52
41 66 0.03
17 18 0.09
17 43 0.32
17 42 0.47
18 19 0.17
18 43 0.52
43 19 0.73
43 42 0.03
43 44 0.04
43 69 0.45
43 68 0.24
19 20 0.81
19 44 0.59
20 44 0.68
20 21 0.1
20 46 0.59
20 45 0.91
44 45 0.97
44 70 0.13
44 69 0.31
21 22 0.59
21 47 0.45
21 46 0.27
46 45 0.86
46 47 0.59
46 71 0.79
22 23 0.52
22 47 0.76
47 23 0.4
47 71 0.3
47 48 0.07
47 73 0.04
47 72 0.47
23 24 0.99
23 49 0.19
23 48 0.74
24 49 0.64
49 48 0.31
49 74 0.33
26 50 0.58
26 52 0.29
26 51 0.34
50 51 0.4
50 76 1.0
50 75 0.45
52 51 0.21
52 53 0.05
52 77 0.24
28 54 0.2
28 53 0.66
53 77 0.87
53 54 0.91
53 79 0.57
53 78 0.12
54 55 0.41
54 79 0.89
55 31 0.1
55 79 0.14
55 56 0.74
55 81 0.32
55 80 0.24
31 56 0.49
56 57 0.69
56 81 0.59
33 59 0.63
33 58 0.94
58 57 0.12
58 59 0.88
58 83 0.18
59 83 0.4
59 60 0.12
59 85 0.36
59 84 0.5
60 61 0.18
60 86 0.68
60 85 0.76
61 62 0.44
61 87 0.6
61 86 0.15
63 39 0.79
63 62 0.75
63 87 0.72
63 64 0.24
63 89 0.46
63 88 0.92
39 65 0.33
39 64 0.16
65 64 0.57
65 89 0.87
65 66 0.94
65 90 0.53
42 66 0.39
42 68 0.4
42 67 0.24
66 90 0.19
66 67 0.53
66 92 0.85
66 91 0.03
68 67 0.97
68 69 0.15
68 94 0.74
68 93 0.61
69 70 0.29
69 95 0.39
69 94 0.08
45 71 0.29
45 70 0.46
70 71 0.86
70 96 0.5
70 95 0.29
71 72 0.9
71 96 0.26
48 74 0.97
48 73 0.36
73 72 0.21
73 74 0.03
73 98 0.86
74 98 0.55
74 99 0.31
51 77 0.7
51 76 0.79
76 75 0.22
76 100 0.79
76 77 0.41
76 101 0.28
77 101 0.67
77 78 0.95
77 103 0.93
77 102 0.69
79 78 0.64
79 103 0.4
79 80 0.76
79 105 0.82
79 104 0.7
81 57 0.97
81 80 0.67
81 105 0.42
81 82 0.47
81 107 0.61
81 106 0.93
57 83 0.95
57 82 0.93
83 82 0.86
83 84 0.49
83 109 0.57
83 108 0.49
85 84 0.18
85 109 0.01
85 86 0.09
85 110 0.07
86 110 0.53
86 87 0.06
86 112 0.12
86 111 0.29
62 87 0.46
87 88 0.25
87 112 0.11
64 89 0.35
89 88 0.21
89 113 0.69
89 90 0.58
89 115 0.61
89 114 0.01
90 91 0.84
90 115 0.9
67 93 0.06
67 92 0.14
92 91 0.26
92 116 0.71
92 93 0.93
92 118 0.49
92 117 0.72
93 94 0.02
93 118 0.27
94 118 0.35
94 95 0.09
94 120 0.68
94 119 0.72
95 96 0.57
95 120 0.83
96 72 0.68
96 120 0.58
96 97 0.61
96 121 0.95
72 98 0.61
72 97 0.81
98 97 0.19
98 99 0.27
98 124 0.88
98 123 0.71
75 100 0.36
100 101 0.42
100 126 0.75
100 125 0.53
101 102 0.46
101 126 0.66
78 103 1.0
103 102 0.82
103 127 0.59
103 104 0.57
103 128 0.64
80 105 0.78
105 104 0.59
105 106 0.62
105 130 0.48
82 108 0.27
82 107 0.15
107 106 0.74
107 108 0.94
107 133 0.16
107 132 0.9
108 109 0.53
108 134 0.86
108 133 0.19
84 109 0.62
109 110 0.52
109 134 0.28
110 134 0.27
110 111 0.76
110 135 0.05
112 88 0.21
112 111 0.39
112 136 0.2
112 113 0.6
112 138 0.84
112 137 0.3
88 113 0.61
113 114 0.96
113 139 0.43
113 138 0.24
115 91 0.65
115 114 0.65
115 139 0.45
115 116 0.98
115 140 0.54
91 116 0.5
116 140 0.61
116 117 0.74
116 142 0.98
116 141 0.43
118 117 0.8
118 142 0.61
118 119 0.01
118 143 0.58
120 119 0.15
120 121 0.89
120 145 0.87
97 121 0.48
97 123 0.61
97 122 0.63
121 145 0.46
121 122 0.34
121 146 0.5
123 122 0.22
123 147 0.63
123 124 0.03
123 148 0.6
99 124 0.73
124 148 0.27
124 149 0.67
126 102 0.92
126 125 0.16
126 127 0.36
126 152 0.73
126 151 0.06
102 127 0.19
127 128 0.5
127 152 0.16
104 128 0.45
104 130 0.87
104 129 0.73
128 152 0.43
128 129 0.14
128 154 0.74
128 153 0.62
130 106 0.3
130 129 0.27
130 131 0.06
130 155 0.8
106 132 0.08
106 131 0.78
132 131 0.14
132 156 0.4
132 133 0.32
132 157 0.19
133 157 0.06
133 134 0.33
133 158 0.69
134 158 0.42
134 135 0.52
134 160 0.08
134 159 0.42
111 135 0.77
111 136 0.68
135 136 0.89
135 160 0.65
136 160 0.85
136 137 0.86
136 161 0.46
138 137 0.4
138 139 0.11
138 163 0.69
114 139 0.58
139 163 0.94
139 140 0.62
139 164 0.87
140 164 0.78
140 141 0.85
140 166 0.37
140 165 0.25
117 142 0.92
142 141 0.35
142 166 0.01
142 143 0.68
142 168 0.67
142 167 0.8
119 143 0.96
119 145 0.05
119 144 0.91
143 144 0.72
143 168 0.62
145 144 0.35
145 169 0.71
145 146 0.39
145 171 0.83
145 170 0.89
122 146 0.69
122 147 0.27
146 147 0.89
146 171 0.73
147 171 0.89
147 148 0.63
147 173 0.38
147 172 0.74
148 149 0.75
148 173 0.19
125 151 0.02
125 150 0.78
151 150 0.33
151 152 0.9
151 176 0.57
152 176 0.77
152 153 0.88
152 177 0.69
129 155 0.5
129 154 0.45
154 153 0.92
154 178 0.54
154 155 0.92
154 180 0.26
154 179 0.92
155 131 0.9
155 156 0.54
155 181 0.84
155 180 0.37
131 156 0.47
156 157 0.81
156 181 0.87
157 181 0.78
157 158 0.95
157 182 0.89
158 182 0.45
158 159 0.68
158 183 0.74
160 159 0.21
160 184 0.27
160 161 0.48
160 186 0.16
160 185 0.84
137 161 0.66
137 163 0.31
137 162 0.44
161 162 0.89
161 186 0.89
163 162 0.22
163 187 0.76
163 164 0.68
163 188 0.43
164 188 0.62
164 165 0.22
164 189 0.39
141 166 0.39
166 165 0.39
166 190 0.93
166 167 0.47
166 192 0.18
166 191 0.45
168 144 0.96
168 167 0.08
168 192 0.76
168 169 0.94
168 194 0.15
168 193 0.46
144 169 0.47
169 170 0.8
169 195 0.59
169 194 0.08
171 170 0.09
171 195 0.83
171 172 0.5
171 196 0.34
173 149 0.6
173 172 0.95
173 197 0.07
173 174 0.11
173 198 0.32
149 174 0.18
150 176 0.62
150 175 0.74
176 175 0.51
176 177 1.0
176 202 0.69
176 201 0.3
153 177 0.58
153 178 0.88
177 178 0.96
177 202 0.12
178 202 0.23
178 179 0.25
178 203 0.73
180 179 0.15
180 204 0.35
180 181 0.55
180 205 0.89
181 205 0.98
181 182 0.88
181 206 0.71
182 206 0.78
182 183 0.71
182 208 0.56
182 207 0.47
159 183 0.69
159 184 0.22
183 184 0.94
183 209 0.13
183 208 0.54
184 185 0.33
184 210 0.7
184 209 0.79
186 162 0.98
186 185 0.56
186 210 0.73
186 187 0.45
186 212 0.2
186 211 0.52
162 187 0.45
187 188 0.74
187 213 0.73
187 212 0.71
188 189 0.95
188 213 0.91
165 189 0.05
165 190 0.85
189 213 0.01
189 190 0.75
189 214 0.58
190 214 0.54
190 191 0.67
190 215 0.12
167 192 0.58
192 191 0.06
192 216 0.87
192 193 0.1
192 218 0.11
192 217 0.78
194 193 0.33
194 218 0.82
194 195 0.59
194 219 0.24
170 195 0.58
195 219 0.9
195 196 0.1
195 221 0.85
195 220 0.76
172 196 0.13
172 197 1.0
196 197 0.27
196 221 0.85
197 221 0.24
197 198 0.73
197 223 0.22
197 222 0.79
174 198 0.73
174 199 0.98
198 199 0.49
198 224 0.61
198 223 0.92
175 201 0.3
175 200 0.04
201 200 0.22
201 225 0.28
201 202 0.63
201 226 0.7
202 226 0.88
202 203 0.66
202 227 0.22
179 203 0.55
179 204 0.6
203 227 0.2
203 204 0.61
203 228 0.03
204 228 0.96
204 205 0.76
204 230 0.15
204 229 0.37
205 206 0.03
205 231 0.92
205 230 0.81
206 207 0.56
206 232 0.78
206 231 0.32
208 207 0.98
208 209 0.94
208 233 0.06
209 233 0.45
209 210 0.74
209 235 0.14
209 234 0.03
185 210 0.99
210 211 0.57
210 235 0.32
212 211 0.71
212 213 0.41
212 237 0.15
213 237 0.05
213 214 0.59
213 238 0.35
214 238 0.45
214 215 0.83
214 239 0.42
191 215 0.87
191 216 0.21
215 239 0.51
215 216 0.76
215 240 0.52
216 240 0.86
216 217 0.39
216 241 0.92
193 218 0.19
218 217 0.55
218 219 0.63
218 244 0.03
218 243 0.59
219 220 0.76
219 244 0.65
221 220 0.34
221 245 0.28
221 222 0.9
221 247 0.04
221 246 0.83
223 222 0.25
223 247 0.09
223 224 0.74
223 249 0.32
223 248 0.53
199 224 0.53
224 249 0.37
200 225 0.68
225 226 0.25
225 250 0.16
226 250 0.05
226 227 0.87
226 252 0.91
226 251 0.56
227 228 0.47
227 252 0.01
228 252 0.34
228 229 0.54
228 253 0.8
230 229 0.57
230 254 0.8
230 231 0.35
230 256 0.7
230 255 0.75
231 232 0.96
231 257 0.57
231 256 0.07
207 233 0.45
207 232 0.47
232 233 0.65
232 257 0.89
233 257 0.08
233 234 0.09
233 258 0.41
235 211 0.97
235 234 0.82
235 236 0.44
235 260 0.99
211 237 0.83
211 236 0.44
237 236 0.01
237 238 0.05
237 262 0.58
238 262 0.06
238 239 0.26
238 263 0.85
239 263 0.55
239 240 0.01
239 264 0.93
240 264 0.9
240 241 0.3
240 265 0.87
217 241 0.32
217 243 0.2
217 242 0.33
241 265 0.89
241 242 0.73
241 266 0.41
243 242 0.93
243 267 0.39
243 244 0.94
243 269 0.68
243 268 0.63
244 220 0.53
244 245 0.51
244 270 0.7
244 269 0.95
220 245 0.35
245 246 0.72
245 270 0.07
222 247 0.91
247 246 0.63
247 271 0.39
247 248 0.95
247 272 0.67
249 248 0.26
249 274 0.2
250 251 0.93
250 275 0.46
252 251 1.0
252 253 0.17
252 277 0.13
229 253 0.69
229 254 0.21
253 277 0.49
253 254 0.4
253 279 0.88
253 278 0.05
254 255 0.66
254 279 0.69
256 255 0.95
256 280 0.17
256 257 0.05
256 281 0.84
257 281 0.75
257 258 0.39
257 283 0.1
257 282 0.25
234 258 0.58
234 260 0.66
234 259 0.43
258 259 0.21
258 283 0.64
260 236 0.18
260 259 0.16
260 284 0.96
260 261 0.18
260 285 0.69
236 262 0.28
236 261 0.38
262 261 0.02
262 286 0.06
262 263 0.99
262 287 0.77
263 287 0.36
263 264 0.38
263 289 0.82
263 288 0.99
264 265 0.18
264 290 0.4
264 289 0.22
265 266 0.55
265 291 0.57
265 290 0.49
242 266 0.97
242 267 0.46
266 267 0.5
266 291 0.97
267 291 0.41
267 268 0.34
267 292 0.49
269 268 0.3
269 270 0.89
269 294 0.68
270 246 0.62
270 294 0.25
270 271 0.15
270 296 0.23
270 295 0.15
246 271 0.01
271 272 0.8
271 297 0.94
271 296 0.04
248 272 0.03
248 274 0.82
248 273 0.65
272 273 0.63
272 297 0.95
274 273 0.89
274 299 1.0
251 275 0.32
251 277 0.26
251 276 0.57
275 276 0.48
275 301 0.59
275 300 0.19
277 276 0.61
277 278 0.08
277 302 0.81
279 255 0.86
279 278 0.07
279 303 0.61
279 280 0.96
279 304 0.33
255 280 0.44
280 304 0.72
280 281 0.93
280 305 0.58
281 305 0.02
281 282 0.68
281 307 0.15
281 306 0.77
283 259 0.23
283 282 0.51
283 307 0.16
283 284 0.47
283 309 0.55
283 308 0.98
259 284 0.02
284 285 0.43
284 309 0.23
261 285 0.47
261 286 0.36
285 309 0.06
285 286 0.42
285 310 0.87
286 310 0.12
286 287 0.13
286 312 0.92
286 311 0.13
287 288 0.09
287 313 0.45
287 312 0.63
289 288 0.75
289 290 0.97
289 314 0.84
290 314 0.26
290 291 0.01
290 315 0.7
291 315 0.17
291 292 0.93
291 316 0.56
268 292 0.49
268 294 0.49
268 293 0.41
292 316 0.67
292 293 0.55
292 317 0.57
294 293 0.64
294 295 0.92
294 319 0.9
296 295 0.66
296 320 0.29
296 297 0.79
296 321 0.81
297 273 0.22
297 321 0.93
297 298 0.36
297 322 0.65
273 299 0.44
273 298 0.65
299 298 0.35
299 324 0.3
276 302 0.69
276 301 0.38
301 300 0.67
301 302 0.27
301 326 0.91
302 278 0.24
302 326 0.48
302 303 0.84
302 327 0.13
278 303 0.43
303 327 0.75
303 304 0.38
303 329 0.51
303 328 0.56
304 305 0.95
304 329 0.66
305 329 0.93
305 306 0.83
305 330 0.95
282 307 0.47
307 306 0.22
307 308 0.38
307 332 0.68
309 308 0.24
309 310 0.65
309 335 0.71
309 334 0.53
310 311 0.83
310 335 0.41
312 311 0.18
312 336 0.41
312 313 0.37
312 337 0.44
288 314 0.19
288 313 0.35
313 337 0.35
313 314 0.01
313 339 0.19
313 338 0.53
314 315 0.37
314 339 0.47
315 339 0.4
315 316 0.7
315 340 0.51
316 340 0.02
316 317 0.01
316 341 0.86
293 317 0.89
293 319 0.06
293 318 0.11
317 341 0.19
317 318 0.57
317 342 0.92
319 295 0.38
319 318 0.22
319 343 0.27
319 320 0.28
319 345 0.2
319 344 0.28
295 320 0.29
320 321 0.33
320 345 0.58
321 345 0.25
321 322 0.59
321 347 0.6
321 346 0.34
298 322 0.62
298 324 0.43
298 323 0.5
322 323 0.73
322 348 0.81
322 347 0.51
324 323 0.98
324 348 0.74
324 349 0.84
300 326 0.16
300 325 0.92
326 325 0.9
326 350 0.58
326 327 0.5
326 351 0.91
327 351 0.92
327 328 0.6
327 352 0.49
329 328 0.17
329 330 0.41
329 355 0.71
329 354 0.02
306 330 0.77
306 332 0.05
306 331 0.18
330 331 0.21
330 355 0.66
332 308 0.4
332 331 0.31
332 356 0.86
332 333 0.25
332 357 0.81
308 334 0.75
308 333 0.68
334 333 0.09
334 335 0.31
334 359 0.29
335 311 0.65
335 359 0.64
335 336 0.28
335 360 0.6
311 336 0.69
336 360 0.49
336 337 0.71
336 362 0.33
336 361 0.21
337 338 0.11
337 363 0.7
337 362 0.36
339 338 0.78
339 340 0.32
339 364 0.68
340 364 0.01
340 341 0.9
340 366 0.96
340 365 0.56
341 342 0.44
341 366 0.92
318 342 0.46
318 343 0.91
342 366 0.14
342 343 0.87
342 368 0.2
342 367 0.85
343 344 0.55
343 369 0.77
343 368 0.29
345 344 0.45
345 369 0.3
345 346 0.79
345 371 0.88
345 370 0.79
347 346 0.35
347 371 0.13
347 348 0.39
347 372 0.83
323 348 0.77
348 372 0.84
348 349 0.92
348 374 0.5
348 373 0.1
325 350 0.88
350 351 0.02
350 375 0.88
351 375 0.1
351 352 0.37
351 377 0.81
351 376 0.74
328 352 0.6
328 354 0.23
328 353 0.11
352 353 0.06
352 377 0.2
354 353 0.64
354 355 0.5
354 380 0.62
354 379 0.04
355 331 0.5
355 356 0.37
355 380 1.0
331 356 0.92
356 380 0.44
356 357 0.56
356 382 0.52
356 381 0.76
333 357 0.26
333 359 0.91
333 358 0.09
357 358 0.88
357 383 0.72
357 382 0.97
359 358 0.45
359 360 0.82
359 384 0.71
360 384 0.63
360 361 0.18
360 385 0.09
362 361 0.83
362 363 0.94
362 387 0.94
338 364 0.76
338 363 0.56
363 387 0.38
363 364 0.04
363 388 0.67
364 388 0.26
364 365 0.19
364 390 0.32
364 389 0.99
366 365 0.21
366 390 0.41
366 367 0.63
366 392 0.96
366 391 0.59
368 367 0.29
368 369 0.93
368 394 0.46
368 393 0.39
344 369 0.53
369 370 0.02
369 394 0.97
346 371 0.32
371 370 0.91
371 372 0.72
371 396 0.49
372 396 0.32
372 373 0.27
372 398 0.12
372 397 0.22
349 374 0.04
374 373 0.38
374 399 0.61
375 376 0.14
375 400 0.63
377 353 0.98
377 376 0.37
377 378 0.7
377 403 0.77
377 402 0.93
353 379 0.05
353 378 0.34
379 378 0.88
379 380 0.05
379 404 0.65
380 404 0.72
380 381 0.11
380 405 0.7
382 381 0.09
382 383 0.7
382 407 0.09
358 384 0.88
358 383 0.91
383 407 0.61
383 384 0.76
383 409 0.13
383 408 0.91
384 385 0.03
384 410 0.54
384 409 0.48
361 385 0.6
361 387 1.0
361 386 0.09
385 386 0.53
385 411 0.14
385 410 0.92
387 386 0.77
387 388 0.98
387 413 0.19
387 412 0.11
388 389 0.22
388 413 0.95
365 390 0.44
390 389 0.72
390 391 0.8
390 416 0.58
390 415 0.35
367 393 0.35
367 392 0.28
392 391 0.1
392 393 0.04
392 417 0.81
393 417 0.58
393 394 0.37
393 418 0.57
394 370 0.01
394 418 0.03
394 395 0.98
394 419 0.35
370 396 0.48
370 395 0.96
396 395 0.15
396 397 0.35
396 422 0.35
396 421 0.17
373 399 0.53
373 398 0.34
398 397 0.79
398 422 0.17
398 399 0.82
398 423 0.82
399 423 0.39
399 424 0.51
376 400 0.3
376 402 0.88
376 401 0.6
400 401 0.98
400 425 0.41
402 401 0.74
402 403 0.58
402 428 0.81
402 427 0.18
378 404 0.8
378 403 0.41
403 404 0.38
403 429 0.49
403 428 0.64
404 405 0.62
404 430 0.03
404 429 0.74
381 405 0.27
381 407 0.88
381 406 0.38
405 406 0.05
405 431 0.28
405 430 0.34
407 406 0.96
407 408 0.69
407 433 0.81
407 432 0.57
409 408 0.97
409 410 0.19
409 435 0.6
409 434 0.6
410 411 0.25
410 435 0.99
386 412 0.98
386 411 0.39
411 435 0.32
411 412 0.32
411 436 0.23
412 436 0.56
412 413 0.73
412 437 0.25
413 389 0.06
413 437 0.97
413 414 0.06
413 438 0.06
389 415 0.57
389 414 0.48
415 414 0.72
415 416 0.41
415 440 0.15
391 417 0.21
391 416 0.95
416 440 0.77
416 417 0.1
416 442 0.66
416 441 0.8
417 418 0.43
417 443 0.47
417 442 0.64
418 419 0.83
418 444 0.83
418 443 0.32
418 641 -1
395 419 0.03
395 421 0.31
395 420 0.99
419 420 0.75
419 444 0.24
421 420 0.87
421 445 0.91
421 422 0.57
421 447 0.25
421 446 0.76
397 422 0.33
422 423 0.68
422 447 0.03
423 447 0.9
423 424 0.41
423 449 0.17
423 448 0.98
401 425 0.5
401 427 0.76
401 426 0.24
425 426 0.53
425 451 0.22
425 450 0.5
427 426 0.06
427 451 0.92
427 428 0.94
427 452 0.44
428 452 0.07
428 429 0.64
428 454 0.92
428 453 0.18
429 430 0.36
429 454 0.41
430 454 0.38
430 431 0.25
430 456 0.07
430 455 0.04
406 432 0.5
406 431 0.09
431 432 0.62
431 456 0.04
432 456 0.59
432 433 0.15
432 457 0.67
408 434 0.5
408 433 0.06
433 457 0.18
433 434 0.19
433 459 0.39
433 458 0.84
434 435 0.27
434 460 0.36
434 459 0.7
435 436 0.85
435 460 0.05
436 460 0.95
436 437 0.67
436 462 0.48
436 461 0.15
437 438 0.71
437 463 0.85
437 462 0.5
414 438 0.85
414 440 0.44
414 439 1.0
438 439 0.92
438 463 0.4
440 439 0.97
440 441 0.23
440 466 0.45
440 465 0.11
442 441 0.59
442 443 0.92
442 468 0.57
442 467 0.07
443 444 0.88
443 469 0.15
443 468 0.29
444 420 0.05
444 445 0.88
444 469 0.59
420 445 0.16
445 469 0.23
445 446 0.39
445 470 0.58
447 446 0.06
447 448 0.43
447 472 0.69
424 449 0.19
449 448 0.63
449 473 0.47
449 474 0.03
426 451 0.54
451 450 0.76
451 475 0.26
451 452 0.55
451 476 0.99
452 476 0.68
452 453 0.26
452 478 0.16
452 477 0.34
454 453 0.84
454 455 0.68
454 480 0.88
454 479 0.68
456 455 0.96
456 480 0.4
456 457 0.65
456 481 0.86
457 481 0.2
457 458 0.35
457 482 0.64
459 458 0.85
459 483 0.66
459 460 0.86
459 485 0.7
459 484 0.29
460 461 0.86
460 486 0.99
460 485 0.6
462 461 0.85
462 463 0.06
462 487 0.9
463 439 0.6
463 487 0.87
463 464 0.4
463 489 0.29
463 488 0.03
439 465 0.25
439 464 0.04
465 464 0.77
465 489 0.56
465 466 0.42
465 491 1.0
465 490 0.53
441 467 0.77
441 466 0.37
466 467 0.12
466 492 0.54
466 491 0.9
467 468 0.42
467 492 0.29
468 492 0.16
468 469 0.81
468 493 0.76
469 493 0.37
469 470 0.56
469 494 0.42
446 470 0.26
446 472 0.93
446 471 0.2
470 494 0.1
470 471 0.87
470 495 0.35
472 448 0.24
472 471 0.53
472 473 0.91
472 497 0.98
448 473 0.21
473 497 0.49
473 474 0.82
473 499 0.16
473 498 0.17
450 475 0.19
475 476 0.66
475 501 0.15
475 500 0.62
476 477 0.01
476 502 0.96
476 501 0.03
453 479 0.8
453 478 0.06
478 477 0.69
478 479 0.47
478 503 0.53
479 503 0.95
479 480 0.01
479 504 0.29
455 480 0.12
480 504 0.52
480 481 0.62
480 506 0.58
480 505 0.03
481 482 0.67
481 507 0.03
481 506 0.5
458 482 0.81
458 483 0.5
482 483 0.72
482 507 0.21
483 507 0.34
483 484 0.74
483 509 0.91
483 508 0.53
485 484 0.25
485 509 0.78
485 486 0.88
485 511 0.43
485 510 0.96
461 487 0.89
461 486 0.93
486 487 0.4
486 512 0.39
486 511 0.4
487 488 0.73
487 513 0.15
487 512 0.5
464 489 0.8
489 488 0.46
489 513 0.77
489 490 0.37
489 514 0.99
491 490 0.86
491 492 0.2
491 517 0.65
491 516 0.61
492 493 0.44
492 517 0.82
493 517 0.96
493 494 0.82
493 518 0.15
494 518 0.75
494 495 0.24
494 519 0.19
471 495 0.06
471 497 0.55
471 496 0.06
495 519 0.52
495 496 0.39
495 520 0.08
497 496 0.42
497 498 0.65
497 522 0.28
474 499 0.51
499 498 0.32
499 524 0.81
501 500 0.96
501 525 0.59
501 502 0.94
501 527 0.84
501 526 0.91
477 503 0.14
477 502 0.33
502 503 0.84
502 527 0.58
503 527 0.05
503 504 0.4
503 529 0.59
503 528 0.22
504 505 0.86
504 529 0.46
506 505 0.71
506 530 0.19
506 507 0.51
506 531 0.34
507 531 0.41
507 508 0.34
507 533 0.31
507 532 0.96
484 509 0.63
509 508 0.35
509 510 0.05
509 535 0.59
509 534 0.34
511 510 0.5
511 512 0.61
511 537 0.35
511 536 0.75
512 513 0.98
512 537 0.49
488 513 0.59
513 537 0.34
513 514 0.92
513 539 0.87
513 538 0.73
490 514 0.36
490 516 0.26
490 515 0.95
514 515 0.64
514 539 0.08
516 515 0.86
516 517 0.8
516 542 0.14
516 541 0.66
517 518 0.67
517 543 0.53
517 542 0.91
518 519 0.96
518 543 0.75
519 543 0.21
519 520 0.21
519 545 0.67
519 544 0.65
496 520 0.02
496 522 0.98
496 521 0.62
520 521 0.74
520 545 0.65
522 498 0.39
522 521 0.63
522 546 0.27
522 523 0.53
522 547 0.12
498 524 0.09
498 523 0.8
524 523 0.74
524 548 0.59
524 549 0.75
500 525 0.48
525 526 0.8
525 551 0.82
525 550 0.81
527 526 0.65
527 528 0.91
527 553 0.77
527 552 0.95
529 505 0.66
529 528 0.64
529 530 0.55
529 555 0.15
529 554 0.3
505 530 0.67
530 531 0.53
530 556 0.53
530 555 0.57
531 532 0.84
531 557 0.93
531 556 0.31
508 534 0.22
508 533 0.91
533 532 0.94
533 557 0.34
533 534 0.7
533 559 0.95
533 558 0.88
534 535 0.98
534 560 0.13
534 559 0.01
510 536 0.48
510 535 0.85
535 536 0.66
535 560 0.98
536 560 0.67
536 537 0.27
536 561 0.92
537 561 0.56
537 538 0.96
537 562 0.01
539 515 0.76
539 538 0.92
539 540 0.7
539 564 0.98
515 541 0.59
515 540 0.69
541 540 0.66
541 542 0.27
541 566 0.41
542 566 0.15
542 543 0.08
542 568 0.47
542 567 0.85
543 544 0.82
543 569 0.21
543 568 0.13
545 521 0.59
545 544 0.49
545 546 0.61
545 571 0.87
545 570 0.65
521 546 0.78
546 547 0.86
546 571 0.53
523 547 0.98
523 548 0.65
547 571 0.41
547 548 0.79
547 572 0.77
548 572 0.63
548 549 0.21
548 574 0.32
548 573 0.35
526 552 0.9
526 551 0.67
551 550 0.85
551 575 0.71
551 552 0.13
551 576 0.67
552 576 0.58
552 553 0.67
552 577 0.18
528 554 0.38
528 553 0.4
553 577 0.87
553 554 0.85
553 578 0.42
554 578 0.71
554 555 0.17
554 580 0.05
554 579 0.59
555 556 0.04
555 581 0.2
555 580 0.61
556 557 0.71
556 582 0.64
556 581 0.16
532 557 0.38
557 558 0.83
557 582 0.77
559 558 0.2
559 583 0.12
559 560 0.48
559 585 0.26
559 584 0.02
560 561 0.69
560 585 0.23
561 585 0.75
561 562 0.85
561 586 0.46
538 562 0.64
538 564 0.37
538 563 0.14
562 586 0.34
562 563 0.71
562 588 0.41
562 587 0.58
564 540 0.04
564 563 1.0
564 565 0.01
564 589 0.97
540 566 0.13
540 565 0.64
566 565 0.94
566 567 0.28
566 592 0.62
566 591 0.52
568 567 0.18
568 592 0.86
568 569 0.21
568 594 0.6
568 593 0.87
544 570 0.45
544 569 0.71
569 570 0.95
569 594 0.04
570 594 0.36
570 571 0.67
570 595 0.16
571 595 0.36
571 572 0.07
571 596 0.25
572 596 0.68
572 573 0.03
572 598 0.26
572 597 0.85
549 574 0.59
574 573 0.72
574 599 0.92
550 575 0.35
575 576 0.51
575 600 0.57
576 600 0.75
576 577 0.3
576 602 0.89
576 601 0.97
577 578 0.18
577 603 0.85
577 602 0.58
578 579 0.08
578 603 0.3
580 579 0.96
580 604 0.91
580 581 0.14
580 606 0.21
580 605 0.68
581 582 0.34
581 606 0.57
582 558 0.63
582 606 0.88
582 583 0.8
582 608 0.1
582 607 0.94
558 583 0.16
583 584 0.22
583 608 0.33
585 584 0.19
585 609 0.01
585 586 0.11
585 610 0.94
586 610 0.65
586 587 0.72
586 611 0.29
563 589 0.01
563 588 0.75
588 587 0.17
588 612 0.19
588 589 0.22
588 614 0.92
588 613 0.86
589 565 0.03
589 590 0.57
589 614 0.11
565 591 0.96
565 590 0.84
591 590 0.84
591 615 0.52
591 592 0.82
591 617 0.61
591 616 0.17
567 592 0.23
592 593 0.91
592 617 0.58
594 593 0.93
594 595 0.48
594 620 0.52
594 619 0.96
595 596 0.87
595 620 0.08
596 620 0.11
596 597 0.08
596 622 0.51
596 621 0.01
573 599 0.13
573 598 0.87
598 597 0.76
598 599 0.77
598 624 0.07
598 623 0.28
599 624 0.57
600 601 0.71
600 626 0.7
600 625 0.84
602 601 0.98
602 626 0.54
602 603 0.97
602 628 0.47
602 627 0.5
603 579 0.36
603 604 0.01
603 628 0.85
579 604 0.8
604 628 0.56
604 605 0.46
604 629 0.37
606 605 0.03
606 630 0.1
606 607 0.6
606 632 0.74
606 631 0.54
608 584 0.05
608 607 0.6
608 632 0.77
608 609 0.63
608 633 0.28
584 609 0.28
609 633 0.73
609 610 0.72
609 635 0.54
609 634 0.67
610 611 0.88
610 636 0.56
610 635 0.24
587 611 0.53
587 612 0.01
611 612 0.68
611 637 0.08
611 636 0.24
612 613 0.03
612 637 0.78
614 590 0.29
614 613 0.33
614 638 0.44
614 615 0.76
614 639 0.96
590 615 0.54
615 639 0.97
615 616 0.29
615 640 0.12
617 593 0.64
617 616 0.87
617 618 0.61
617 643 0.39
617 642 0.89
593 619 0.26
593 618 0.5
619 618 0.36
619 643 0.82
619 620 0.26
619 644 0.65
620 644 0.14
620 621 0.68
620 645 0.79
597 623 0.9
597 622 0.04
622 621 0.65
622 646 0.36
622 623 0.79
622 648 0.19
622 647 0.35
623 624 1.0
623 649 0.42
623 648 0.55
624 649 0.4
601 626 0.13
626 625 0.28
626 627 0.44
626 652 0.47
626 651 0.91
628 627 0.23
628 652 0.25
628 629 0.4
628 653 0.66
605 629 0.22
605 630 0.39
629 653 0.34
629 630 0.43
629 655 0.86
629 654 0.98
630 631 0.6
630 656 0.97
630 655 0.5
607 632 0.19
632 631 0.49
632 633 0.14
632 658 0.94
632 657 0.7
633 634 0.05
633 659 0.75
633 658 0.42
635 634 0.91
635 659 0.34
635 636 0.65
635 660 0.43
636 660 0.85
636 637 0.01
636 661 0.86
637 613 0.26
637 661 0.12
637 638 0.75
637 662 0.6
613 638 0.23
638 662 0.73
638 639 0.19
638 663 0.24
639 663 0.75
639 640 0.68
639 665 0.92
639 664 0.08
616 640 0.08
616 642 0.01
616 641 0.22
640 641 0.33
640 665 0.6
642 641 0.58
642 666 0.4
642 643 0.66
642 667 0.51
618 643 0.57
643 667 0.1
643 644 0.32
643 669 0.34
643 668 0.37
644 645 0.91
644 669 0.79
621 645 0.3
621 646 0.84
645 669 0.9
645 646 0.31
645 671 0.88
645 670 0.62
646 647 0.67
646 671 0.79
648 647 0.89
648 672 0.32
648 649 0.12
648 674 0.59
648 673 0.75
649 674 0.58
625 651 0.59
625 650 0.11
651 650 0.98
651 675 0.2
651 652 0.59
651 676 0.94
627 652 0.59
652 676 0.8
652 653 0.64
652 678 0.14
652 677 0.26
653 654 0.39
653 678 0.47
655 654 0.96
655 679 0.2
655 656 0.77
655 680 0.24
631 657 0.54
631 656 0.07
656 680 0.12
656 657 0.43
656 681 0.88
657 681 0.36
657 658 0.27
657 683 0.18
657 682 0.41
658 659 0.74
658 684 0.65
658 683 0.03
634 659 0.76
659 660 0.74
659 684 0.71
660 684 0.65
660 661 0.96
660 685 0.55
661 685 0.28
661 662 0.59
661 686 0.34
662 686 0.21
662 663 0.15
662 688 0.89
662 687 0.03
663 664 0.98
663 689 0.75
663 688 0.62
665 641 0.34
665 664 0.25
665 689 0.24
665 666 0.21
665 691 0.56
665 690 0.32
641 666 0.55
666 667 0.33
666 692 0.66
666 691 0.21
667 668 0.69
667 693 0.89
667 692 0.55
669 668 0.17
669 670 0.77
669 695 0.46
669 694 0.47
671 647 0.88
671 670 0.07
671 672 0.24
671 696 0.86
647 672 0.38
672 696 0.64
672 673 0.38
672 698 0.09
672 697 0.22
674 673 0.98
674 698 0.54
674 699 0.65
650 675 0.48
675 676 0.65
675 700 0.7
676 700 0.72
676 677 0.68
676 702 0.33
676 701 0.52
678 654 0.22
678 677 0.34
678 702 0.07
678 679 0.63
678 704 0.12
678 703 0.81
654 679 0.27
679 680 0.51
679 705 0.58
679 704 0.16
680 681 0.7
680 706 0.52
680 705 0.38
681 682 0.45
681 707 0.98
681 706 0.85
683 682 0.96
683 684 0.4
683 709 0.79
683 708 0.07
684 685 0.87
684 709 0.59
685 709 0.33
685 686 0.42
685 710 0.38
686 710 0.26
686 687 0.69
686 711 0.98
688 687 0.95
688 712 0.12
688 689 0.65
688 713 0.41
664 689 0.45
689 713 0.18
689 690 0.58
689 715 0.68
689 714 0.18
691 690 0.45
691 692 0.26
691 717 0.74
691 716 1.0
692 693 0.31
692 718 0.57
692 717 0.74
668 694 0.26
668 693 0.97
693 694 0.36
693 719 0.42
693 718 0.15
694 695 0.78
694 719 0.27
670 696 0.14
670 695 0.19
695 719 0.93
695 696 0.54
695 720 0.59
696 720 0.22
696 697 0.22
696 722 0.9
696 721 0.78
673 698 0.82
698 697 0.02
698 699 0.34
698 723 0.83
700 701 0.2
700 726 0.76
700 725 0.75
677 702 0.13
702 701 0.9
702 703 0.4
702 728 0.38
702 727 0.2
704 703 0.87
704 728 0.88
704 705 0.07
704 730 0.03
704 729 0.4
705 706 0.09
705 731 0.27
705 730 0.98
706 707 0.63
706 731 0.62
682 708 0.49
682 707 0.48
707 731 0.43
707 708 0.39
707 732 0.69
708 732 0.14
708 709 0.56
708 734 0.86
708 733 0.65
709 710 0.43
709 735 0.13
709 734 0.56
710 711 0.83
710 736 0.4
710 735 0.59
687 711 0.25
687 712 0.14
711 712 0.15
711 736 0.02
712 736 0.22
712 713 0.04
712 738 0.73
712 737 0.32
713 714 0.25
713 739 0.09
713 738 0.05
690 716 0.68
690 715 0.61
715 714 0.98
715 716 0.86
715 741 0.74
715 740 0.21
716 717 0.37
716 742 0.01
716 741 0.45
717 718 0.24
717 743 0.72
717 742 0.44
718 719 0.53
718 743 0.83
719 743 0.89
719 720 0.89
719 744 0.5
720 744 0.7
720 721 0.7
720 745 0.13
697 723 0.02
697 722 0.22
722 721 0.58
722 746 0.39
722 723 0.43
722 747 0.45
723 699 0.74
723 747 0.36
723 724 0.44
723 748 0.41
699 724 0.48
701 727 0.33
701 726 0.36
726 725 0.3
726 727 0.27
727 728 0.54
703 728 0.65
728 729 0.09
730 729 0.04
730 731 0.06
731 732 0.08
732 733 0.75
734 733 0.55
734 735 0.19
735 736 0.65
736 737 0.44
738 737 0.9
738 739 0.98
714 740 0.9
714 739 0.51
739 740 0.62
740 741 0.5
741 742 0.24
742 743 0.78
743 744 0.51
744 745 0.66
721 745 0.12
721 746 0.89
745 746 0.74
746 747 0.11
747 748 0.52
724 748 0.16
724 749 0.68
748 749 0.92