28 29 0.92
0 1 0.89
0 6 0.21
0 5 0.42
1 2 0.68
1 6 0.85
6 2 0.05
6 5 0.72
6 7 0.88
6 12 0.08
6 11 0.39
2 3 0.14
2 8 0.66
2 7 0.12
3 4 0.58
3 8 0.56
8 4 0.11
8 7 0.79
8 12 0.82
8 9 0.89
8 13 0.99
4 9 1.0
5 11 0.6
5 10 0.09
11 10 0.44
11 12 0.33
11 17 0.86
11 16 0.51
7 12 0.17
12 13 0.65
12 18 0.54
12 17 0.01
9 13 0.94
9 14 0.34
13 14 0.85
13 19 0.5
13 18 0.46
10 16 0.91
10 15 0.5
16 15 0.91
16 17 0.11
16 21 0.4
17 21 0.14
17 18 0.47
17 22 0.22
18 22 0.92
18 19 0.81
18 24 0.53
18 23 0.14
14 19 0.06
19 24 0.76
15 21 0.88
15 20 0.9
21 20 0.12
21 25 0.17
21 22 0.13
21 26 0.99
22 26 0.28
22 23 0.26
22 28 0.57
22 27 0.04
24 23 0.87
24 29 0.54
20 25 0.54
25 26 0.9
26 27 0.29
23 29 0.53
23 28 0.48
28 27 0.33
28 29 -1