192 286 0.57
0 1 0.34
0 20 0.81
1 2 0.51
1 21 0.3
2 3 0.24
2 22 0.63
3 4 0.62
3 23 0.05
4 5 0.87
4 24 0.71
5 6 0.35
5 25 0.44
6 7 0.58
6 26 0.38
7 8 0.27
7 27 0.23
8 9 0.61
8 28 0.85
9 10 0.45
9 29 0.91
10 11 0.86
10 30 0.89
11 12 0.98
11 31 0.15
12 13 0.9
12 32 0.75
13 14 0.46
13 33 0.43
14 15 0.51
14 34 0.28
15 16 0.59
15 35 0.12
16 17 0.57
16 36 0.43
17 18 0.75
17 37 0.62
18 19 0.17
18 38 0.36
19 39 0.04
20 21 0.25
20 40 0.05
21 22 0.51
21 41 0.18
22 23 0.43
22 42 0.45
23 24 0.02
23 43 0.32
24 25 0.93
24 44 0.34
25 26 0.99
25 45 0.45
26 27 0.11
26 46 0.53
27 28 0.33
27 47 0.06
28 29 0.58
28 48 0.74
29 30 0.26
29 49 0.53
30 31 0.65
30 50 0.19
31 32 0.09
31 51 0.31
32 33 0.03
32 52 0.38
33 34 0.91
33 53 0.83
34 35 0.05
34 54 0.77
35 36 0.41
35 55 0.68
36 37 0.01
36 56 0.8
37 38 0.72
37 57 0.63
38 39 0.79
38 58 0.6
39 59 0.85
40 41 0.97
40 60 0.94
41 42 0.33
41 61 0.84
42 43 0.06
42 62 0.83
43 44 0.65
43 63 0.4
44 45 0.19
44 64 0.79
45 46 0.34
45 65 0.8
46 47 0.01
46 66 0.07
47 48 0.35
47 67 0.02
48 49 0.67
48 68 0.19
49 50 0.4
49 69 0.2
50 51 0.41
50 70 0.35
51 52 0.47
51 71 0.91
52 53 0.52
52 72 0.6
53 54 0.9
53 73 0.79
54 55 0.04
54 74 0.13
55 56 0.69
55 75 0.19
56 57 0.53
56 76 0.62
57 58 0.17
57 77 0.29
58 59 0.05
58 78 0.87
59 79 0.96
60 61 0.65
60 80 0.51
61 62 0.52
61 81 0.48
62 63 0.81
62 82 0.94
63 64 0.15
63 83 0.34
64 65 0.72
64 84 0.09
65 66 0.2
65 85 0.08
66 67 0.81
66 86 0.12
67 68 0.31
67 87 0.83
68 69 0.83
68 88 0.55
69 70 0.69
69 89 0.62
70 71 0.53
70 90 0.47
71 72 0.26
71 91 0.79
72 73 0.17
72 92 0.1
73 74 0.32
73 93 0.68
74 75 0.07
74 94 0.16
75 76 0.5
75 95 0.62
76 77 0.82
76 96 0.89
77 78 0.04
77 97 0.43
78 79 0.24
78 98 0.01
79 99 0.96
80 81 0.78
80 100 0.72
81 82 0.27
81 101 0.38
82 83 0.76
82 102 0.93
83 84 0.82
83 103 0.46
84 85 0.29
84 104 0.2
85 86 1.0
85 105 0.56
86 87 0.4
86 106 0.95
87 88 0.7
87 107 0.66
88 89 0.77
88 108 0.72
89 90 0.45
89 109 0.28
90 91 0.04
90 110 0.5
91 92 0.6
91 111 0.4
92 93 0.98
92 112 0.11
93 94 0.6
93 113 0.43
94 95 0.49
94 114 0.75
95 96 0.38
95 115 0.11
96 97 0.33
96 116 0.55
97 98 0.65
97 117 0.72
98 99 0.65
98 118 0.49
99 119 0.95
100 101 0.04
100 120 0.52
101 102 0.49
101 121 0.52
102 103 0.63
102 122 0.14
103 104 0.01
103 123 0.24
104 105 0.97
104 124 0.2
105 106 0.27
105 125 0.16
106 107 0.11
106 126 0.4
107 108 0.95
107 127 0.88
108 109 0.45
108 128 0.13
109 110 0.32
109 129 0.96
110 111 0.11
110 130 0.64
111 112 0.2
111 131 0.49
112 113 0.69
112 132 0.64
113 114 0.66
113 133 0.74
114 115 0.03
114 134 0.2
115 116 0.05
115 135 0.11
116 117 0.92
116 136 0.6
117 118 0.06
117 137 0.27
118 119 0.06
118 138 0.08
119 139 0.48
120 121 0.55
120 140 0.61
121 122 0.31
121 141 0.85
122 123 0.95
122 142 0.65
123 124 0.04
123 143 0.77
124 125 0.02
124 144 0.9
125 126 0.92
125 145 0.17
126 127 0.16
126 146 0.12
127 128 0.26
127 147 0.34
128 129 0.73
128 148 0.96
129 130 0.76
129 149 0.02
130 131 0.26
130 150 0.82
131 132 0.02
131 151 0.11
132 133 0.31
132 152 0.2
133 134 0.56
133 153 0.99
134 135 0.9
134 154 0.5
135 136 0.74
135 155 0.05
136 137 0.37
136 156 0.55
137 138 0.05
137 157 0.49
138 139 0.75
138 158 1.0
139 159 0.06
140 141 0.04
140 160 0.94
141 142 0.45
141 161 0.06
142 143 0.22
142 162 0.83
143 144 0.02
143 163 0.53
144 145 0.96
144 164 0.01
145 146 0.48
145 165 0.88
146 147 0.11
146 166 0.48
147 148 0.06
147 167 0.74
148 149 0.37
148 168 0.18
149 150 0.31
149 169 0.53
150 151 0.99
150 170 0.92
151 152 0.99
151 171 0.18
152 153 0.02
152 172 0.86
153 154 0.9
153 173 0.21
154 155 1.0
154 174 0.16
155 156 0.21
155 175 0.93
156 157 0.74
156 176 0.33
157 158 0.55
157 177 0.46
158 159 0.82
158 178 0.49
159 179 0.62
160 161 0.06
160 180 0.04
161 162 0.59
161 181 0.35
162 163 0.96
162 182 0.94
163 164 0.64
163 183 0.06
164 165 0.93
164 184 0.18
165 166 0.33
165 185 0.88
166 167 0.9
166 186 0.56
167 168 0.64
167 187 0.59
168 169 0.11
168 188 0.95
169 170 0.95
169 189 0.79
170 171 0.35
170 190 0.5
171 172 0.29
171 191 0.3
172 173 0.24
172 192 0.96
173 174 0.47
173 193 0.84
174 175 0.84
174 194 0.75
175 176 0.21
175 195 0.09
176 177 0.97
176 196 0.77
177 178 0.1
177 197 0.14
178 179 0.31
178 198 0.52
179 199 0.36
180 181 0.72
180 200 0.62
181 182 0.21
181 201 0.34
182 183 0.8
182 202 0.2
183 184 0.71
183 203 0.42
184 185 0.86
184 204 0.5
185 186 0.71
185 205 0.91
186 187 0.86
186 206 0.59
187 188 0.95
187 207 0.56
188 189 0.93
188 208 0.14
189 190 0.73
189 209 0.53
190 191 0.68
190 210 0.56
191 192 0.6
191 211 0.36
192 193 0.13
192 212 0.93
192 286 -1
193 194 0.61
193 213 0.66
194 195 0.58
194 214 0.39
195 196 0.81
195 215 0.47
196 197 0.11
196 216 0.09
197 198 0.01
197 217 0.06
198 199 0.6
198 218 0.96
199 219 0.05
200 201 0.64
200 220 0.33
201 202 0.25
201 221 0.01
202 203 0.38
202 222 0.73
203 204 0.08
203 223 0.4
204 205 0.57
204 224 0.08
205 206 0.95
205 225 0.5
206 207 0.4
206 226 0.14
207 208 0.76
207 227 0.78
208 209 0.51
208 228 0.45
209 210 0.91
209 229 0.34
210 211 0.44
210 230 0.4
211 212 0.99
211 231 0.13
212 213 0.53
212 232 0.24
213 214 0.59
213 233 0.01
214 215 0.62
214 234 0.42
215 216 0.7
215 235 0.71
216 217 0.01
216 236 0.39
217 218 0.96
217 237 0.28
218 219 0.63
218 238 0.45
219 239 0.21
220 221 0.72
220 240 0.78
221 222 0.07
221 241 0.7
222 223 0.19
222 242 0.48
223 224 0.8
223 243 0.08
224 225 0.25
224 244 0.3
225 226 0.69
225 245 0.1
226 227 0.33
226 246 0.87
227 228 0.51
227 247 0.51
228 229 0.24
228 248 0.4
229 230 0.05
229 249 0.26
230 231 0.58
230 250 0.54
231 232 0.89
231 251 0.16
232 233 0.4
232 252 0.61
233 234 0.11
233 253 0.8
234 235 0.31
234 254 0.74
235 236 0.72
235 255 0.43
236 237 0.4
236 256 0.05
237 238 0.35
237 257 0.67
238 239 0.44
238 258 0.72
239 259 0.06
240 241 0.15
240 260 0.83
241 242 0.9
241 261 0.79
242 243 0.91
242 262 0.9
243 244 0.88
243 263 0.49
244 245 0.98
244 264 0.42
245 246 0.1
245 265 0.57
246 247 0.67
246 266 0.62
247 248 0.39
247 267 0.71
248 249 0.24
248 268 0.11
249 250 0.74
249 269 0.2
250 251 0.26
250 270 0.64
251 252 0.42
251 271 0.01
252 253 0.94
252 272 0.89
253 254 0.34
253 273 0.43
254 255 0.44
254 274 0.4
255 256 0.31
255 275 0.9
256 257 0.2
256 276 0.62
257 258 0.02
257 277 0.33
258 259 0.03
258 278 0.92
259 279 0.7
260 261 0.03
260 280 0.07
261 262 0.53
261 281 0.92
262 263 0.01
262 282 0.44
263 264 0.36
263 283 0.91
264 265 0.71
264 284 0.51
265 266 0.01
265 285 0.05
266 267 0.53
266 286 0.06
267 268 0.07
267 287 0.06
268 269 0.58
268 288 0.97
269 270 0.52
269 289 0.94
270 271 0.45
270 290 0.02
271 272 0.23
271 291 0.82
272 273 0.46
272 292 0.71
273 274 0.73
273 293 0.02
274 275 0.21
274 294 0.58
275 276 0.36
275 295 0.79
276 277 0.03
276 296 0.75
277 278 0.55
277 297 0.22
278 279 0.6
278 298 0.23
279 299 0.67
280 281 0.92
280 300 0.53
281 282 0.94
281 301 0.98
282 283 0.24
282 302 0.36
283 284 0.59
283 303 0.59
284 285 0.69
284 304 0.35
285 286 0.32
285 305 0.31
286 287 0.18
286 306 0.35
287 288 0.24
287 307 0.53
288 289 0.48
288 308 0.18
289 290 0.96
289 309 0.7
290 291 0.91
290 310 0.8
291 292 0.96
291 311 0.82
292 293 0.71
292 312 0.99
293 294 0.67
293 313 0.33
294 295 0.99
294 314 0.47
295 296 0.16
295 315 0.09
296 297 0.02
296 316 0.34
297 298 0.98
297 317 0.34
298 299 0.24
298 318 0.23
299 319 0.97
300 301 0.74
300 320 0.09
301 302 0.87
301 321 0.2
302 303 0.8
302 322 0.71
303 304 0.97
303 323 0.14
304 305 0.01
304 324 0.74
305 306 0.34
305 325 0.72
306 307 0.9
306 326 0.89
307 308 0.72
307 327 0.37
308 309 0.18
308 328 0.99
309 310 0.63
309 329 0.24
310 311 0.07
310 330 0.02
311 312 0.91
311 331 0.53
312 313 0.25
312 332 0.72
313 314 0.57
313 333 0.38
314 315 0.85
314 334 0.9
315 316 0.5
315 335 0.01
316 317 0.51
316 336 0.39
317 318 0.14
317 337 0.83
318 319 0.41
318 338 0.13
319 339 0.02
320 321 0.21
320 340 0.27
321 322 0.86
321 341 0.59
322 323 0.01
322 342 0.48
323 324 0.03
323 343 0.96
324 325 0.11
324 344 0.29
325 326 0.88
325 345 0.56
326 327 0.74
326 346 0.38
327 328 0.09
327 347 0.95
328 329 0.47
328 348 0.76
329 330 0.32
329 349 0.02
330 331 0.32
330 350 0.72
331 332 0.32
331 351 0.98
332 333 0.45
332 352 0.21
333 334 0.61
333 353 0.36
334 335 0.55
334 354 0.87
335 336 0.24
335 355 0.53
336 337 0.85
336 356 0.51
337 338 0.52
337 357 0.86
338 339 0.29
338 358 0.6
339 359 0.12
340 341 0.77
340 360 0.25
341 342 0.54
341 361 0.02
342 343 0.61
342 362 0.22
343 344 0.83
343 363 0.86
344 345 0.64
344 364 0.42
345 346 0.15
345 365 0.03
346 347 0.12
346 366 0.17
347 348 0.14
347 367 0.78
348 349 0.8
348 368 0.9
349 350 0.04
349 369 0.42
350 351 0.27
350 370 0.39
351 352 0.37
351 371 0.16
352 353 0.11
352 372 0.28
353 354 0.52
353 373 0.75
354 355 0.9
354 374 0.21
355 356 0.59
355 375 0.17
356 357 0.39
356 376 0.39
357 358 0.19
357 377 0.85
358 359 0.98
358 378 0.84
359 379 0.36
360 361 0.42
360 380 0.74
361 362 0.28
361 381 0.39
362 363 0.08
362 382 0.65
363 364 0.26
363 383 0.95
364 365 0.97
364 384 0.42
365 366 1.0
365 385 0.22
366 367 0.4
366 386 0.96
367 368 0.08
367 387 0.72
368 369 0.8
368 388 0.23
369 370 0.09
369 389 0.44
370 371 0.59
370 390 0.14
371 372 0.59
371 391 0.97
372 373 0.95
372 392 0.7
373 374 0.13
373 393 1.0
374 375 0.3
374 394 0.66
375 376 0.23
375 395 0.33
376 377 0.43
376 396 0.17
377 378 0.27
377 397 0.69
378 379 0.14
378 398 0.77
379 399 0.48
380 381 0.64
381 382 0.59
382 383 0.69
383 384 0.83
384 385 0.73
385 386 0.2
386 387 0.56
387 388 0.56
388 389 0.01
389 390 0.66
390 391 0.83
391 392 0.03
392 393 0.02
393 394 0.03
394 395 0.28
395 396 0.6
396 397 0.77
397 398 0.75
398 399 0.2