57 98 0.93
0 1 0.14
0 2 0.91
0 98 0.93
0 3 0.06
0 97 0.29
0 4 0.61
0 96 0.2
0 5 0.57
0 6 0.55
0 94 0.21
0 7 0.09
0 93 0.13
0 8 0.07
0 92 0.49
0 9 0.21
0 10 0.55
0 90 0.01
0 74 0.82
0 59 0.97
0 85 0.43
0 99 0.27
1 3 0.19
1 99 0.59
1 4 0.38
1 98 0.5
1 97 0.6
1 6 0.92
1 96 0.19
1 7 0.64
1 95 0.3
1 8 0.75
1 93 0.14
1 10 0.63
1 92 0.61
1 91 0.73
1 55 0.62
1 50 0.92
1 86 0.59
1 81 0.17
1 68 0.26
1 83 0.49
1 74 0.28
1 21 0.97
2 4 0.96
2 5 0.48
2 99 0.83
2 6 0.71
2 7 0.1
2 97 0.59
2 96 0.58
2 9 0.35
2 95 0.17
2 10 0.3
2 94 0.53
2 11 0.52
2 12 0.86
2 92 0.38
2 76 0.6
2 51 0.76
2 20 0.15
3 5 0.11
3 6 0.62
3 7 0.15
3 99 0.33
3 8 0.97
3 98 0.59
3 9 0.88
3 97 0.75
3 10 0.97
3 96 0.38
3 11 0.76
3 95 0.29
3 12 0.98
3 94 0.71
3 13 0.89
3 93 0.05
3 64 0.91
3 76 0.42
3 55 0.96
4 5 0.76
4 6 0.19
4 8 0.27
4 9 0.36
4 99 0.06
4 10 0.06
4 98 0.57
4 11 0.2
4 12 0.55
4 96 0.17
4 13 0.69
4 95 0.41
4 14 0.07
4 94 0.55
4 37 0.56
4 91 0.84
4 32 0.02
4 26 0.83
5 6 0.88
5 7 0.02
5 8 0.73
5 9 0.11
5 10 0.55
5 11 0.54
5 98 0.78
5 13 0.7
5 97 0.08
5 14 0.18
5 96 0.9
5 15 0.14
5 95 0.86
5 50 0.18
5 19 0.92
5 80 0.96
5 64 0.7
6 7 0.84
6 8 0.83
6 9 0.13
6 10 0.83
6 11 0.64
6 12 0.01
6 13 0.06
6 14 0.25
6 98 0.94
6 15 0.65
6 97 0.21
6 16 0.01
6 96 0.62
6 26 0.79
6 60 0.58
7 10 0.31
7 11 0.5
7 12 0.94
7 13 0.6
7 14 0.75
7 15 0.01
7 99 0.37
7 16 0.57
7 98 0.77
7 60 0.27
7 21 0.01
7 73 0.09
7 59 0.68
7 35 0.89
7 62 0.54
7 22 0.31
8 9 0.63
8 10 0.08
8 11 0.8
8 12 0.28
8 15 0.58
8 16 0.39
8 18 0.2
8 98 0.16
8 76 0.83
8 30 0.24
8 57 0.67
8 27 0.93
9 10 0.18
9 11 0.27
9 12 0.73
9 13 0.57
9 15 0.71
9 16 0.01
9 17 0.35
9 18 0.64
9 19 0.6
9 66 0.81
9 97 0.57
9 73 0.85
10 11 0.06
10 13 0.09
10 14 0.75
10 15 0.59
10 16 0.03
10 17 0.33
10 18 0.96
10 19 0.6
10 20 0.7
10 76 0.15
10 50 0.45
11 12 0.62
11 13 0.27
11 14 0.33
11 15 0.89
11 16 0.77
11 17 0.48
11 18 0.19
11 19 0.44
11 20 0.53
11 21 0.44
12 13 0.68
12 15 0.67
12 17 0.33
12 18 0.07
12 19 0.97
12 20 0.52
12 21 0.63
12 22 0.33
12 23 0.18
12 52 0.51
12 36 0.86
12 64 0.43
12 72 0.04
13 15 1.0
13 16 0.14
13 17 0.41
13 18 0.56
13 19 0.11
13 20 0.75
13 21 0.37
13 42 0.67
13 38 0.29
13 55 0.08
13 58 0.15
13 75 0.13
13 22 0.91
13 41 0.77
13 49 0.71
13 79 0.17
14 15 0.11
14 16 0.08
14 17 0.08
14 18 0.57
14 20 0.97
14 23 0.21
14 24 0.09
14 43 0.38
14 29 0.8
14 97 0.43
14 89 0.54
14 72 0.01
15 17 0.47
15 18 0.75
15 19 0.11
15 20 0.74
15 21 0.01
15 22 0.01
15 23 0.44
15 24 0.72
15 25 0.97
15 77 0.34
15 31 0.61
15 59 0.77
15 83 0.14
16 17 0.48
16 18 0.91
16 19 0.7
16 20 0.58
16 22 0.04
16 23 0.04
16 24 0.44
16 25 0.43
16 26 0.5
16 67 0.62
16 73 0.86
17 19 0.75
17 20 0.24
17 21 0.59
17 22 0.48
17 23 0.51
17 24 0.28
17 25 0.06
17 26 0.79
17 60 0.71
17 91 0.56
17 62 0.85
18 19 0.85
18 22 0.45
18 23 0.2
18 25 0.02
18 26 0.63
18 27 0.45
18 28 0.98
18 54 0.78
18 89 0.51
18 79 0.89
19 20 0.75
19 22 0.22
19 23 0.51
19 24 0.69
19 25 0.03
19 27 0.89
19 28 0.84
19 29 0.26
19 52 0.55
20 21 0.59
20 22 0.32
20 23 0.97
20 24 0.34
20 25 0.04
20 26 0.26
20 27 0.95
20 29 0.36
20 30 0.69
21 22 0.67
21 23 0.35
21 24 0.84
21 25 0.77
21 26 0.46
21 29 0.15
21 30 0.84
21 31 0.96
21 62 0.74
21 48 0.59
21 59 0.91
21 78 0.16
21 65 0.39
22 23 0.84
22 24 0.66
22 25 0.76
22 26 0.07
22 27 0.44
22 28 0.09
22 29 0.21
22 30 0.42
22 32 0.56
23 25 0.82
23 26 0.13
23 27 0.19
23 28 0.52
23 29 0.64
23 30 0.71
23 31 0.14
23 32 0.61
23 33 0.78
23 49 0.01
23 46 0.37
24 25 0.49
24 26 0.32
24 27 0.26
24 29 0.07
24 30 0.53
24 32 0.33
24 33 0.94
24 34 0.64
24 70 0.55
24 81 0.26
24 65 0.63
24 62 0.53
25 26 0.05
25 27 0.12
25 28 0.3
25 29 0.43
25 30 0.58
25 31 0.65
25 32 0.38
25 33 0.4
25 34 0.73
25 35 0.27
25 56 0.41
25 70 0.93
26 27 0.84
26 28 0.98
26 30 0.41
26 31 0.5
26 32 0.2
26 33 0.76
26 34 0.96
26 35 0.67
27 28 0.57
27 30 0.73
27 31 0.64
27 34 0.11
27 35 0.33
27 36 0.76
27 37 0.35
27 71 0.3
27 90 0.94
27 81 0.35
27 39 0.75
27 29 0.95
28 29 0.73
28 32 0.22
28 33 0.1
28 34 0.21
28 35 0.24
28 36 0.36
28 37 0.22
28 77 0.18
28 62 0.67
28 54 0.68
28 53 0.13
29 31 0.78
29 32 0.96
29 33 0.45
29 34 0.22
29 35 0.63
29 38 0.13
29 39 0.34
29 41 0.18
29 56 0.62
29 72 0.48
29 84 0.92
30 31 0.56
30 32 0.02
30 33 0.32
30 34 0.4
30 35 0.91
30 37 0.56
30 38 0.78
30 39 0.05
30 40 0.9
30 71 1.0
30 61 0.53
30 67 0.39
30 53 0.35
30 50 0.64
30 99 0.83
31 32 0.89
31 33 0.79
31 34 0.27
31 37 0.02
31 38 0.35
31 39 0.11
31 40 0.77
31 41 0.64
31 79 0.09
32 33 0.91
32 34 0.04
32 36 0.87
32 39 0.65
32 41 0.13
32 42 0.82
32 87 0.25
32 81 0.6
32 74 0.04
32 60 0.66
32 46 0.96
32 53 0.77
33 34 0.95
33 35 0.31
33 36 0.75
33 37 0.75
33 39 0.57
33 40 0.37
33 41 0.5
33 42 0.04
33 43 0.83
33 45 0.11
33 77 0.01
34 35 0.15
34 36 0.73
34 37 0.99
34 38 0.72
34 40 0.81
34 41 0.05
34 42 0.57
34 43 0.36
34 44 0.53
34 88 0.88
34 61 0.23
34 45 0.32
35 36 0.48
35 37 0.49
35 39 0.37
35 41 0.61
35 42 0.4
35 45 0.23
35 54 0.67
35 96 0.14
35 40 0.18
36 37 0.48
36 38 0.76
36 39 0.05
36 40 0.13
36 41 0.35
36 43 0.45
36 44 0.13
36 45 0.89
36 46 0.5
36 83 0.49
37 38 0.39
37 39 0.88
37 40 0.54
37 41 0.72
37 42 0.01
37 43 0.75
37 44 0.8
37 45 0.72
37 46 0.71
37 47 0.15
37 67 0.43
37 99 0.47
37 93 0.26
38 40 0.51
38 41 0.94
38 42 0.77
38 43 0.53
38 44 0.55
38 45 0.78
38 46 0.82
38 47 0.7
38 48 0.33
38 90 0.27
38 93 0.75
38 69 0.3
39 40 0.86
39 41 0.51
39 42 0.32
39 43 0.91
39 44 0.91
39 45 0.04
39 46 0.35
39 47 0.1
39 49 0.65
39 98 0.24
39 94 0.21
40 41 0.25
40 42 0.1
40 43 0.97
40 44 0.02
40 45 0.87
40 46 0.68
40 48 0.3
40 49 0.55
40 78 0.63
40 85 0.71
40 53 0.8
41 42 0.61
41 43 0.88
41 44 0.03
41 47 0.29
41 48 0.24
41 49 0.63
41 51 0.63
41 54 0.99
41 87 0.93
41 80 0.97
42 44 0.58
42 45 0.62
42 46 0.36
42 47 0.1
42 48 0.84
42 49 0.54
42 50 0.82
42 51 0.36
42 52 0.41
42 94 0.68
42 79 0.01
42 95 0.33
43 44 0.23
43 46 0.35
43 47 0.86
43 48 0.21
43 49 0.15
43 50 0.8
43 51 0.93
43 52 0.61
43 53 0.48
43 76 0.2
43 67 0.42
43 81 0.23
43 75 0.02
44 45 0.03
44 47 0.01
44 49 0.98
44 50 0.29
44 51 0.79
44 52 0.73
44 53 0.87
44 54 0.73
44 70 0.28
44 98 0.08
45 46 0.6
45 49 0.81
45 50 0.81
45 51 0.75
45 52 0.27
45 53 0.15
45 54 0.08
45 55 0.45
45 85 0.21
45 87 0.43
46 47 0.19
46 48 0.35
46 49 0.52
46 50 0.7
46 53 0.01
46 55 0.97
46 56 0.98
46 93 0.08
47 48 0.62
47 49 0.69
47 50 0.8
47 51 0.05
47 53 0.33
47 54 0.41
47 55 0.87
47 56 0.09
47 57 0.42
47 73 0.94
47 85 0.85
47 84 0.45
47 88 0.55
48 49 0.73
48 51 0.87
48 52 0.59
48 53 0.3
48 55 0.52
48 56 0.6
48 57 0.7
48 58 0.28
48 60 0.72
48 70 0.7
49 50 0.84
49 52 0.42
49 53 0.14
49 54 0.67
49 55 0.81
49 56 0.47
49 57 0.94
49 58 0.01
49 59 0.85
49 95 0.4
50 52 0.24
50 53 0.32
50 54 0.11
50 55 0.29
50 56 0.4
50 57 0.12
50 69 0.99
50 80 0.82
50 78 0.86
51 52 0.68
51 53 0.86
51 54 0.11
51 55 0.28
51 56 0.34
51 57 0.48
51 58 0.69
51 59 0.24
51 60 0.23
51 61 0.58
51 84 0.62
51 66 0.6
51 82 0.28
52 53 0.48
52 54 0.71
52 56 0.44
52 57 0.42
52 58 0.35
52 59 0.95
52 60 0.8
52 61 0.76
52 62 0.8
52 85 0.59
53 54 0.1
53 55 0.25
53 56 0.51
53 57 0.11
53 58 0.01
53 59 0.62
53 62 0.64
53 77 0.93
54 55 0.85
54 57 0.82
54 58 0.54
54 59 0.42
54 60 0.76
54 61 0.39
54 62 0.18
54 63 0.75
54 64 0.66
54 66 0.48
54 84 0.61
55 56 0.99
55 58 0.24
55 60 0.13
55 61 0.88
55 62 0.29
55 64 0.29
55 65 0.56
55 71 0.29
55 68 0.24
56 57 0.16
56 58 1.0
56 60 0.28
56 62 0.24
56 63 0.04
56 64 0.89
56 65 0.95
56 66 0.99
57 58 0.6
57 59 0.74
57 60 0.74
57 61 0.49
57 64 0.8
57 66 0.54
57 67 0.85
57 96 0.02
57 94 0.88
57 98 -1
58 61 0.78
58 62 0.87
58 63 0.13
58 64 0.95
58 65 0.42
58 66 0.17
58 67 0.34
58 68 0.98
58 89 0.37
58 83 0.59
58 59 0.05
59 60 0.11
59 62 0.11
59 63 0.8
59 64 0.71
59 69 0.16
59 82 0.79
59 71 0.31
60 61 0.45
60 62 0.8
60 63 0.5
60 64 0.79
60 65 0.14
60 66 1.0
60 67 0.83
60 68 0.96
60 69 0.08
60 94 0.34
61 62 0.46
61 63 0.42
61 66 0.39
61 67 0.42
61 69 0.59
61 70 0.4
61 71 0.6
61 79 0.65
61 64 0.44
62 64 0.04
62 65 0.57
62 66 0.9
62 67 0.41
62 68 0.24
62 71 0.74
62 72 0.58
62 84 0.23
62 91 0.76
63 64 0.62
63 65 0.06
63 66 0.26
63 68 0.23
63 69 0.48
63 70 0.77
63 71 0.21
63 72 0.42
63 73 0.12
63 83 0.5
63 80 0.2
64 65 0.49
64 66 0.64
64 67 0.43
64 68 0.7
64 69 0.87
64 70 0.48
64 71 1.0
64 73 0.41
64 97 0.2
65 66 0.73
65 67 1.0
65 70 0.34
65 71 0.52
65 73 0.09
65 74 0.25
65 75 0.09
65 88 0.46
66 67 0.08
66 68 0.42
66 69 0.36
66 70 0.08
66 71 0.19
66 73 0.25
66 74 0.32
66 75 0.95
66 76 0.01
67 68 0.95
67 70 0.32
67 73 0.48
67 75 0.54
67 76 0.82
67 77 0.02
67 82 0.64
67 78 0.29
68 69 0.37
68 70 0.89
68 72 0.83
68 73 0.62
68 74 0.68
68 75 0.26
68 76 0.53
68 77 0.17
68 78 0.16
68 96 0.36
68 83 0.77
68 99 0.09
69 70 0.49
69 71 0.74
69 72 0.53
69 74 0.04
69 75 0.87
69 76 0.56
69 78 0.64
69 79 0.35
70 72 0.46
70 74 0.48
70 75 0.45
70 76 0.02
70 78 0.25
70 79 0.56
70 99 0.95
70 93 0.45
71 73 0.32
71 76 0.81
71 77 0.77
71 78 0.17
71 79 0.35
71 80 0.2
71 81 0.3
71 88 0.27
72 73 0.82
72 74 0.21
72 76 0.3
72 77 0.51
72 78 0.21
72 79 0.63
72 80 0.39
72 90 0.13
73 74 0.3
73 77 0.28
73 79 0.09
73 80 0.63
73 81 0.34
73 82 0.17
74 76 0.68
74 77 0.94
74 78 0.33
74 79 0.2
74 80 0.38
74 82 0.91
74 84 0.69
75 76 0.1
75 77 0.08
75 78 0.74
75 79 0.51
75 80 0.37
75 83 0.83
75 84 0.73
75 85 0.5
75 87 0.14
76 78 0.46
76 79 0.57
76 80 0.43
76 81 0.83
76 82 0.74
76 83 0.27
76 84 0.72
76 85 0.52
76 86 0.6
77 79 0.8
77 80 0.17
77 81 0.5
77 82 0.7
77 83 0.39
77 84 0.57
77 85 0.34
77 86 0.84
77 87 0.51
77 96 0.22
78 79 0.25
78 80 0.16
78 81 0.27
78 82 0.17
78 84 0.09
78 85 0.8
78 86 0.13
78 87 0.89
78 99 0.59
79 81 0.72
79 82 0.12
79 83 0.05
79 84 0.26
79 85 0.31
79 86 0.92
79 87 0.14
79 88 0.23
80 81 0.64
80 82 0.52
80 83 0.02
80 85 0.75
80 86 0.69
80 87 0.48
80 89 0.23
80 90 0.02
80 92 0.83
81 83 0.86
81 86 0.61
81 87 0.88
81 89 0.61
81 90 0.35
81 91 0.18
81 93 0.66
81 96 0.51
82 83 0.67
82 86 0.96
82 87 0.27
82 88 0.85
82 89 0.79
82 90 0.06
82 92 0.3
83 85 0.72
83 86 0.13
83 87 0.97
83 88 0.68
83 89 0.42
83 90 0.49
83 99 0.97
84 85 0.88
84 87 0.03
84 89 0.6
84 90 0.58
84 91 0.1
84 92 0.69
84 93 0.61
84 94 0.86
85 86 0.52
85 89 0.76
85 91 0.52
85 92 0.73
85 93 0.41
85 94 0.34
85 95 0.64
86 87 0.88
86 88 0.97
86 89 0.98
86 90 0.05
86 92 0.84
86 93 0.94
86 94 0.85
86 95 0.28
86 96 0.44
87 88 0.54
87 89 0.51
87 90 0.25
87 93 0.89
87 94 0.47
87 95 0.12
87 96 0.07
87 97 0.16
88 89 0.57
88 91 0.81
88 92 0.35
88 93 0.59
88 94 0.68
88 95 0.03
88 96 0.43
88 97 0.89
89 90 0.01
89 91 0.87
89 92 0.65
89 93 0.59
89 94 0.17
89 95 0.2
89 96 0.56
89 98 0.23
89 99 0.95
90 91 0.32
90 93 0.5
90 94 0.15
90 96 0.78
90 97 0.87
90 98 0.62
91 92 0.6
91 93 0.55
91 94 0.73
91 95 0.31
91 97 0.03
91 99 0.76
92 93 0.67
92 94 0.61
92 95 0.7
92 96 0.36
92 97 0.85
92 98 0.1
92 99 0.93
93 94 0.52
93 95 0.21
93 96 0.05
93 99 0.89
94 95 0.84
94 96 0.99
94 97 0.05
94 98 0.02
94 99 0.01
95 96 0.31
95 97 0.33
95 98 0.74
95 99 0.11
96 99 0.51
97 98 0.01
97 99 0.44
98 99 0.76