6 10 0.44
0 1 0.8
0 19 0.43
0 2 0.56
0 18 0.19
0 3 0.65
0 17 0.14
1 3 0.29
1 15 0.13
1 10 0.71
1 9 0.1
2 3 0.01
2 15 0.2
2 14 0.53
2 17 0.33
2 16 0.43
3 5 0.95
3 6 0.4
3 16 0.17
3 15 0.81
3 18 0.18
3 7 0.5
4 11 0.02
4 13 0.13
4 9 0.12
4 19 0.57
4 15 0.09
5 6 0.04
5 7 0.27
5 17 0.32
6 7 0.38
6 9 0.17
6 15 0.67
6 10 -1
7 8 0.05
7 9 0.22
8 10 0.33
8 11 0.82
8 18 0.63
8 13 0.71
9 10 0.82
9 16 0.17
10 12 0.35
10 13 0.1
11 12 0.96
11 13 0.79
11 17 0.71
11 16 0.44
12 14 0.69
12 15 0.46
12 17 0.97
13 14 0.6
13 16 0.99
14 17 0.45
14 18 0.48
15 17 0.97
15 18 0.9
16 17 0.96
16 18 0.43
16 19 0.29
17 18 0.09
18 19 0.2